0.0
30.6
53.1
42.5
5.6
7.0
4.1
5.1
81.1
7.9
8.4
7.8
3.7
18.3
9.8
61.9
89.3
75.7
68.4
22.0
29.7
80.7
46.9
35.9
76.5
51.9
59.5
48.5
41.2
42.8
46.2
47.9
44.3
48.4
60.0
47.8
43.1
86.7
41.2
62.5
46.7
40.7
57.0
58.7
61.1
44.7
44.7
47.8
41.0
70.9
74.3
36.4
66.9
90.3
62.5
61.1
28.1
51.9
44.7
75.4
45.9
48.4
53.1
42.3
72.0
49.7
44.9
32.3
13.5
21.8
18.0
14.4
16.0
8.7
31.8
18.1
8.9
11.4
10.6
15.9
19.8
10.3
12.5
48.7
16.0
19.9
15.6
15.7
14.4
18.4
26.8
9.2
16.9
14.9
16.4
32.0
14.9
16.1
11.8
17.3
23.4
76.8
22.7
7.6
17.0
29.7
18.2
12.3
12.0
15.7
21.0
15.2
11.5
15.2
18.7
30.7
13.9
12.1
10.2
15.2
50.5
31.6
14.0
11.1
16.6
23.7
17.8
15.1
7.8
16.4
21.7
13.8
10.5
9.9
10.6
18.2
14.7
19.0
10.9
18.8
19.0
78.6
33.9
47.3
66.9
24.7
21.1
24.3
20.1
26.5
28.2
9.4
12.2
12.4
22.5
23.0
11.2
13.8
9.8
80.7
58.3
58.5
29.6
16.8
21.3
15.7
21.7
14.1
10.0
22.4
23.1
25.0
29.2
29.4
44.3
45.4
82.2
15.1
19.3
12.3
38.9
26.1
13.6
37.6
32.3
30.9
26.5
19.1
25.0
21.7
25.5
21.8
13.3
14.1
12.4
12.6
72.1
23.7
35.6
54.4
