77.9
77.8
78.0
77.9
77.9
78.0
78.0
78.0
78.0
78.0
78.0
78.0
78.0
78.0
77.5
78.1
77.9
78.0
78.0
78.0
78.1
78.2
78.2
78.2
77.7
77.9
77.9
77.9
78.1
77.4
77.6
77.5
77.5
77.5
77.5
77.8
78.0
78.0
78.0
78.0
78.2
78.2
78.2
78.2
78.2
77.8
77.8
77.7
76.6
77.5
77.7
77.7
76.6
77.0
77.1
77.1
75.6
77.1
77.9
78.0
78.0
76.3
76.7
76.9
78.0
78.2
78.2
78.2
78.2
78.2
78.2
78.2
78.2
78.2
78.0
78.0
78.0
78.0
78.0
78.0
78.1
78.1
77.8
77.5
77.6
76.3
76.6
76.8
76.9
76.9
77.0
77.1
77.1
77.1
77.1
77.2
77.2
77.2
77.3
77.3
77.3
77.3
77.3
77.3
77.3
77.4
77.4
77.4
77.4
77.4
77.4
77.4
77.4
77.4
77.4
77.4
77.4
77.4
77.4
77.4
77.5
77.5
77.5
77.5
77.5
77.5
77.5
77.5
78.2
78.3
78.3
78.3
78.3
78.3
78.3
78.3
78.3
78.3
78.3
78.3
78.3
77.8
77.8
77.7
78.0
78.0
78.0
78.0
78.1
78.1
76.8
76.8
76.8
76.8
76.8
76.9
76.9
77.3
77.3
77.3
77.3
77.3
77.3
77.3
77.4
77.4
77.4
77.4
77.4
77.4
77.4
77.4
77.4
77.4
77.4
77.7
77.7
78.0
78.0
78.0
78.0
77.8
76.4
76.5
76.5
76.5
76.5
76.5
76.6
76.6
76.6
77.0
77.0
77.0
77.2
77.2
77.2
77.2
77.6
77.7
