0.0
46.6
67.3
36.4
16.3
21.9
9.6
20.8
16.3
30.5
0.0
83.1
44.6
4.1
12.2
5.1
10.0
18.2
14.0
12.6
5.3
10.5
14.6
16.9
6.2
6.7
8.3
45.0
21.4
10.7
67.9
9.2
10.6
27.0
6.1
5.6
7.3
7.3
20.7
9.9
7.3
10.6
9.2
20.0
5.6
90.3
10.2
6.8
9.1
12.7
5.8
7.2
7.1
24.8
31.7
6.7
8.2
8.8
6.2
13.9
8.0
7.7
8.4
7.7
16.6
6.7
89.0
11.1
6.9
15.3
6.4
9.5
10.1
43.9
17.9
83.9
78.8
85.6
67.8
47.0
58.6
79.5
25.8
16.3
52.5
14.2
25.8
15.3
14.1
30.3
15.2
18.0
23.5
10.6
15.4
27.8
19.2
12.1
43.6
27.5
26.8
21.4
19.6
17.9
12.8
30.8
21.7
10.4
14.1
13.4
35.0
16.5
16.5
12.2
18.4
45.1
87.6
13.1
15.7
27.1
50.5
23.1
14.2
16.7
13.3
36.0
34.0
14.9
26.3
14.9
31.9
29.3
72.7
14.6
30.1
59.0
76.6
81.0
86.8
51.6
49.5
14.1
12.3
12.3
12.8
23.3
19.0
12.5
14.4
14.8
19.5
25.9
20.5
11.8
15.7
21.2
91.3
19.7
19.9
18.6
14.2
40.6
15.6
25.0
16.0
38.6
33.1
16.9
17.0
15.1
14.6
28.3
18.0
65.9
33.5
17.8
33.8
14.1
11.9
15.5
25.5
63.3
28.7
32.9
14.5
23.3
32.8
30.2
18.2
74.4
25.3
27.9
46.5
12.2
13.9
25.2
17.9
37.0
14.1
17.7
48.2
70.8
65.0
43.5
51.6
86.0
64.8
79.3
35.7
46.5
