77.6
77.9
78.0
78.0
78.1
76.8
76.8
76.8
76.9
76.9
77.8
77.8
77.8
77.8
77.8
77.8
77.8
77.8
78.1
78.1
78.1
78.1
78.1
78.1
78.1
78.1
78.1
76.6
76.7
77.4
77.5
77.5
77.5
77.5
77.5
77.5
77.5
77.5
77.6
77.6
77.6
77.6
77.6
77.6
77.6
77.6
77.4
77.4
77.5
77.5
77.5
77.5
77.5
76.1
76.2
76.5
76.9
76.9
76.9
77.0
77.1
77.1
77.1
77.1
77.2
77.2
77.2
77.1
77.1
77.1
77.1
77.1
77.2
77.6
77.7
77.9
78.0
78.0
77.4
77.5
77.5
77.7
77.8
77.8
77.9
77.9
77.9
77.9
77.9
78.0
78.0
78.0
78.0
78.0
78.0
78.0
78.0
78.0
78.0
78.0
76.6
76.7
76.8
76.8
76.8
76.9
77.0
77.0
77.0
77.0
77.6
77.6
77.6
77.6
77.7
77.7
77.7
77.7
77.7
77.7
77.8
77.8
77.8
77.8
77.8
77.8
77.8
77.9
77.7
77.7
77.7
77.8
77.8
77.6
78.0
78.1
77.2
77.4
77.4
77.4
77.5
77.6
77.6
77.6
77.6
77.6
77.6
77.6
77.6
77.6
77.7
77.7
77.7
77.7
77.7
77.7
77.7
78.1
78.1
78.1
78.1
78.1
78.1
78.1
78.1
78.0
78.0
76.7
76.8
76.8
76.8
76.8
77.0
77.2
77.2
77.2
77.2
77.2
77.2
77.3
77.5
77.7
77.8
77.9
77.9
77.9
77.9
77.9
77.9
77.9
78.0
78.0
78.0
78.0
78.0
78.0
78.0
78.0
78.0
78.0
78.0
78.0
78.0
78.0
78.0
78.0
78.0
78.0
78.0
78.0
