0.0
34.3
40.7
39.7
25.8
31.3
79.7
86.7
35.5
18.3
19.0
22.9
16.1
29.1
23.0
21.4
21.8
41.3
30.4
23.8
20.4
21.4
21.6
21.1
21.3
22.0
23.2
40.3
34.1
62.2
67.1
84.8
43.0
75.8
46.3
31.7
26.2
21.5
30.6
28.8
23.5
49.2
24.0
27.5
30.8
23.0
24.9
26.5
25.5
30.9
23.2
48.2
25.4
35.4
34.3
28.5
27.2
23.5
28.0
34.5
46.0
25.3
25.3
20.3
30.0
25.1
25.4
28.3
24.0
27.8
37.9
31.8
18.9
22.2
31.4
23.0
26.2
23.6
31.9
59.8
24.2
29.7
31.8
22.5
39.5
29.6
26.6
50.6
23.6
49.4
65.4
51.8
45.3
48.8
63.5
51.1
62.0
47.8
47.7
52.9
59.4
51.7
46.9
48.2
56.8
54.7
47.1
60.8
36.7
63.2
56.7
51.2
43.2
55.1
83.0
59.9
34.7
61.3
50.3
66.9
60.1
51.3
56.2
46.2
52.8
42.2
50.0
47.2
36.9
48.4
77.2
51.7
53.0
49.3
40.4
63.8
54.5
47.0
42.8
52.0
58.6
54.2
48.0
44.8
51.2
78.1
50.9
45.1
57.6
55.8
58.9
63.8
41.4
48.1
47.7
57.2
50.9
43.1
40.5
70.7
71.6
49.1
45.3
45.1
49.1
51.8
61.9
46.6
49.7
49.7
61.7
59.2
78.2
45.1
45.8
43.5
56.4
48.1
42.4
46.2
48.0
51.3
40.7
48.8
51.8
52.0
50.6
57.5
40.3
48.6
56.1
48.5
49.1
43.3
48.7
46.1
32.4
17.6
55.2
52.6
