49.7
49.8
49.7
49.7
49.8
49.8
49.8
49.8
49.8
49.7
49.7
49.7
49.7
49.7
49.7
49.8
49.8
49.8
49.8
49.8
49.9
49.9
49.9
49.9
49.7
49.7
49.7
49.7
49.7
49.7
49.8
49.8
49.8
49.8
49.7
49.7
49.7
49.7
49.8
49.9
49.7
49.7
49.7
49.7
49.8
49.8
49.9
49.9
49.9
49.8
49.8
49.8
49.8
49.9
49.8
49.8
49.9
49.7
49.8
49.8
49.8
49.8
49.8
49.8
49.7
49.8
49.8
49.5
49.6
49.8
49.9
49.8
49.9
49.8
49.6
49.7
49.7
49.6
49.6
49.7
49.7
49.7
49.8
49.7
50.0
50.0
49.7
49.7
49.8
49.6
49.6
49.7
49.7
49.7
49.7
49.7
49.5
49.5
49.6
49.6
49.6
49.6
49.6
49.7
49.8
49.8
49.8
49.8
49.6
49.6
49.6
49.7
49.7
49.7
49.6
49.6
49.6
49.7
49.7
49.5
49.5
49.6
49.6
49.6
49.7
49.7
49.7
49.7
49.7
49.8
49.8
49.8
49.8
49.8
49.7
49.8
49.8
49.6
49.6
49.6
49.6
49.6
49.6
49.6
49.5
49.7
49.7
49.9
49.9
49.9
49.8
49.7
49.7
49.7
49.8
49.7
49.7
49.8
49.8
49.7
49.8
49.7
49.7
49.7
49.8
49.8
49.7
49.8
49.8
49.7
49.8
49.6
49.6
49.6
49.7
49.6
49.9
49.9
50.3
50.4
50.3
50.3
50.4
50.4
50.4
39.8
39.9
39.9
39.9
40.0
40.1
40.1
40.0
40.2
40.3
40.3
40.3
40.4
40.4
40.4
40.4
40.4
40.4
40.4
40.4
40.4
40.4
40.4
40.2
40.3
40.3
40.3
40.3
40.4
40.3
40.3
40.3
40.3
40.3
40.2
40.2
40.2
40.2
40.2
40.4
